GRB Name	Obs_ID	z	1+z	T90_raw(s)	T90_raw_error	T50_raw(s)	T50_raw_error	E1_obsframe(KeV)	E2_obsframe(KeV)	T90_(s)	T90_error	T50_(s)	T50_error
180728A	850471	0.117	1.117	8.688	0.321	2.464	0.035	125.33	313.34	5.28	2.197	1.824	0.23
60614	214805	0.127	1.138	109.264	3.415	43.296	0.79	123.02	307.56	18.32	4.113	11.344	6.051
150727A	650530	0.313	1.313	86.128	12.748	30.192	3.624	106.63	266.57	23.904	4.388	14.976	6.15
130427A	554620	0.340	1.34	316.272	7.63	32.064	1.296	104.48	261.19	128.336	4.859	4.016	0.079
61021	234905	0.346	1.3463	46.448	5.2	10.24	1.125	103.99	259.97	4.928	0.861	2.128	0.714
130925A	571830	0.347	1.347	456.752	42.832	130.096	2.671	103.93	259.84	123.136	44.636	54.112	27.817
130603B	557310	0.356	1.356	0.192	0.032	0.048	0.016	103.24	258.11	0.064	0.035	0.032	0.016
50803	148833	0.422	1.422	88.176	9.982	39.392	6.757	98.45	246.13	27.632	7.789	6.224	9.507
130831A	568849	0.479	1.4791	32.512	1.689	8.032	0.726	94.65	236.63	21.968	6.399	5.408	2.68
91127	377179	0.490	1.49	8.24	0.69	5.584	0.534	93.96	234.90	2.032	0.486	1.12	0.252
90618	355083	0.540	1.54	113.536	0.585	27.952	0.157	90.91	227.27	105.904	1.841	21.456	0.555
100621A	425151	0.542	1.542	65.28	1.8	25.76	0.774	90.79	226.98	35.488	2.588	16.976	1.746
90424	350311	0.544	1.544	49.744	2.32	3.376	0.057	90.67	226.68	4.16	0.192	2.896	0.115
051221A	173780	0.547	1.547	1.392	0.21	0.544	0.097	90.50	226.24	0.224	0.102	0.08	0.05
70521	279935	0.553	1.553	38.832	2.31	14.592	0.307	90.15	225.37	31.68	1.674	7.936	3.661
170607A	756284	0.557	1.557	269.808	43.921	215.632	1.009	89.92	224.79	11.936	2.638	5.68	1.424
141004A	614390	0.570	1.57	3.904	1.091	1.12	0.178	89.17	222.93	0.416	0.08	0.224	0.09
150323A	635887	0.593	1.593	149.12	6.815	12.928	1.264	87.88	219.71	13.84	1.687	7.808	1.165
050525A	130088	0.606	1.606	8.832	0.081	5.232	0.0226	87.17	217.93	6.784	0.136	4.608	0.086
161129A	724438	0.645	1.645	35.376	2.128	14.656	2.572	85.10	212.77	32.512	5.204	14.48	5.299
180720B	848890	0.654	1.654	130.864	10.726	23.488	1.649	84.64	211.61	49.12	10.04	14.304	2.846
080916A	324895	0.689	1.689	60.368	6.296	23.136	1.002	82.89	207.22	30.064	5.38	12.832	2.922
060904B	228006	0.703	1.703	171.504	11.59	32.512	4.59	82.21	205.52	3.408	0.543	1.84	0.498
111228A	510649	0.714	1.714	100.352	5.475	46.768	0.78	81.68	204.20	48.4	29.393	4.784	37.291
131004A	573190	0.717	1.717	1.12	0.172	0.432	0.065	81.54	203.84	0.832	0.222	0.368	0.244
101219A	440606	0.718	1.718	0.832	0.192	0.416	0.035	81.49	203.73	0.528	0.071	0.304	0.086
140512A	598819	0.725	1.725	156.4	4.609	90.08	25.051	81.16	202.90	149.616	13.693	73.52	43.51
160804A	707231	0.736	1.736	153.168	16.881	50.784	2.622	80.65	201.61	46.528	6.453	18.56	4.806
80430	310613	0.760	1.76	16.08	2.475	5.328	0.551	79.55	198.86	9.92	2.294	5.68	2.302
170714A	762535	0.793	1.793	397.984	39.658	240.352	48.829	78.08	195.20	0.32	0.124	0.16	0.124
120729A	529095	0.800	1.8	71.44	16.659	22.224	2.455	77.78	194.44	64	10.44	29.728	13.899
100816A	431764	0.804	1.8035	2.56	0.531	1.008	0.057	77.63	194.07	1.792	0.172	0.896	0.124
151027A	661775	0.810	1.81	128.88	5.924	96.352	8.243	77.35	193.37	124.048	17.66	109.04	16.476
110715A	457330	0.820	1.82	7.696	3.712	1.584	0.045	76.92	192.31	2.976	0.215	1.328	0.086
70508	278854	0.820	1.82	20.736	0.731	7.568	0.147	76.92	192.31	14.768	1.376	6.592	0.147
61217	251634	0.827	1.827	0.24	0.067	0.096	0.057	76.63	191.57	0.224	0.045	0.144	0.071
70318	271019	0.838	1.838	94	22.675	33.856	4.432	76.17	190.42	22.064	2.67	10.464	3.458
60814	224552	0.840	1.84	146.464	4.768	61.792	0.701	76.09	190.22	129.648	11.505	59.92	1.527
170903A	770528	0.886	1.886	29.264	3.162	10.912	5.073	74.23	185.58	27.904	5.51	13.264	10.102
140506A	598284	0.889	1.889	113.232	10.643	58.576	3.623	74.11	185.28	60.784	57.44	26.464	31.931
90510	351588	0.903	1.903	0.4	0.113	0.24	0.05	73.57	183.92	0.304	0.066	0.192	0.086
141225A	622476	0.915	1.915	40.336	7.33	16.848	3.373	73.11	182.77	17.68	3.238	8.96	3.206
070714B	284856	0.920	1.92	59.392	7.645	38.384	7.273	72.92	182.29	1.776	0.279	0.832	0.249
080319B	306757	0.937	1.937	133.2	3.638	25.904	0.124	72.28	180.69	45.552	0.385	24.256	0.249
060912A	229185	0.937	1.937	5.056	0.552	1.76	0.182	72.28	180.69	8.512	2.713	3.36	1.401
160131A	672236	0.970	1.97	216.096	21.979	54.64	2.462	71.07	177.66	272.544	51.957	50.096	6.88
91018	373172	0.971	1.971	4.416	0.602	1.568	0.086	71.03	177.57	2.048	0.283	0.896	0.237
80411	309010	1.030	2.03	56.288	0.903	25.025	0.715	68.97	172.41	43.84	2.086	24.208	0.232
51006	158593	1.059	2.059	30.56	4.81	8.592	8.079	67.99	169.99	7.456	1.129	4.448	0.936
130604A	557354	1.060	2.06	37.792	4.627	17.632	2.579	67.96	169.90	28.016	4.249	15.088	4.185
091208B	378559	1.063	2.063	13.984	3	5.696	3.071	67.86	169.66	0.8	0.137	0.4	0.124
201021C	1001130	1.070	2.07	21.584	3.301	8.528	2.132	67.63	169.08	9.136	2.172	4.16	2.515
91024	373674	1.092	2.092	113.696	14.176	49.584	3.924	66.92	167.30	67.36	5.198	39.072	2.257
080413B	309111	1.100	2.1	6.064	1.245	1.68	0.136	66.67	166.67	2.32	0.563	0.864	0.137
180620B	843211	1.118	2.1175	229.968	21.917	45.12	9.44	66.12	165.29	144.208	70.882	25.28	11.174
130701A	559482	1.155	2.155	30.448	27.721	2.528	0.204	64.97	162.41	3.632	0.315	1.6	0.315
190324A	927839	1.172	2.1715	299.984	81.712	32.144	27.954	64.47	161.18	7.168	1.957	3.168	0.25
140213A	586569	1.208	2.2076	59.92	2.691	6.528	0.272	63.42	158.54	17.312	3.8	5.088	0.227
140907A	611933	1.210	2.21	43.888	7.536	13.616	0.784	63.35	158.37	25.648	3.993	10.672	0.917
090926B	370791	1.240	2.24	111.184	12.297	28.528	2.178	62.50	156.25	44	6.677	17.344	2.964
200829A	993768	1.250	2.25	64.416	17.16	2.848	0.057	62.22	155.56	6.352	0.283	2.192	0.057
61007	232683	1.261	2.261	78.32	2.836	23.136	0.192	61.92	154.80	58.432	0.9	22.08	0.352
90530	353567	1.266	2.266	39.648	4.278	23.952	10.948	61.78	154.46	7.44	3.193	2.352	1.746
50126	103780	1.290	2.29	23.248	2.53	12.432	2.036	61.14	152.84	17.808	2.771	10	2.815
131030A	576238	1.293	2.293	41.808	4.054	8.496	0.227	61.06	152.64	19.696	1.704	7.328	0.222
180510B	831816	1.305	2.305	133.152	55.954	28	7.388	60.74	151.84	19.056	5.933	8.08	3.97
61121	239899	1.314	2.314	35.888	25.267	7.472	0.121	60.50	151.25	25.6	52.7	7.024	0.172
141220A	621915	1.320	2.3195	7.504	0.489	3.072	0.92	60.36	150.89	7.424	0.77	2.928	0.602
170604A	755867	1.329	2.329	26.48	2.808	9.008	1.087	60.11	150.28	4.928	0.754	2.608	0.758
71117	296805	1.331	2.331	4.176	0.386	1.52	0.071	60.06	150.15	2.48	0.534	0.928	0.093
150910A	655097	1.359	2.359	126.72	27.241	50.64	8.607	59.35	148.37	32.576	10.868	18.64	11.31
181010A	866434	1.39	2.39	12.704	1.047	7.872	0.723	58.57	146.44	10.256	1.486	7.36	1.809
150423A	638808	1.394	2.394	0.224	0.035	0.128	0.035	58.48	146.20	0.08	0.022	0.048	0.016
100615A	424733	1.398	2.398	39.088	0.85	23.664	1.463	58.38	145.95	39.168	3.493	26.896	1.133
100901A	433065	1.408	2.408	440.672	24.921	195.76	21.302	58.14	145.35	17.664	2.836	10.976	3.251
180205A	808625	1.409	2.409	378.496	376.299	1.808	0.515	40.15	145.29	6.8	0.532	4.896	0.455
50318	111529	1.440	2.44	29.056	0.472	15.344	10.616	57.38	143.44	13.776	1.018	7.216	0.588
180314A	814129	1.445	2.445	24.368	1.367	9.968	0.4305	57.26	143.15	20.768	0.958	9.328	0.801
141221A	622006	1.452	2.452	36.928	4.064	14.688	3.075	57.10	142.74	36.432	12.491	6.496	4.708
200205B	954520	1.465	2.465	116.56	2.732	53.056	2.838	56.8	141.99	114.304	5.166	40.016	13.073
60418	205851	1.490	2.49	80.992	47.933	25.408	0.736	56.22	140.56	33.296	3.425	18.704	2.479
70306	263361	1.497	2.497	259.408	108.945	25.232	11.025	56.07	140.17	128.496	19.726	18.48	64.651
181110A	871316	1.505	2.505	134.768	11.635	46.912	1.436	55.89	139.72	87.616	16.402	30.8	4.379
060502A	208169	1.510	2.51	23.712	8.501	10.752	0.723	55.78	139.44	16.464	2.016	7.536	0.949
150301B	633180	1.517	2.5169	13.04	1.465	4.64	0.443	55.62	139.06	15.424	7.267	4.592	1.098
50802	148646	1.520	2.52	18.928	3.494	8.16	1.765	55.56	138.89	11.536	1.981	6.208	1.216
60719	220020	1.532	2.532	66.928	11.558	34.048	11.018	55.29	138.23	53.152	2.271	38.992	32.996
90102	338895	1.547	2.547	27.44	2.272	11.36	1.569	54.97	137.42	11.968	1.247	7.696	0.848
161117A	722604	1.549	2.549	126.672	1.23	74.816	0.523	54.92	137.31	121.104	1.126	81.056	7.988
100728A	430151	1.567	2.567	211.312	11.744	72.976	1.227	54.54	136.35	168.112	2.547	63.872	1.188
090418A	349510	1.608	2.608	56.192	4.1	31.84	2.843	53.68	134.20	53.328	3.995	32.816	4.264
110503A	452685	1.613	2.613	9.824	3.091	2.912	0.252	53.58	133.95	7.232	1.339	2.032	0.349
80605	313299	1.640	2.6398	19.184	0.924	7.12	0.113	53.03	132.59	16.4	0.972	6.704	0.147
80928	326115	1.692	2.692	251.152	61.419	47.888	67.67	52.01	130.01	22.256	3.759	10.384	1.159
91020	373458	1.710	2.71	35.84	3.3943	8.672	1.006	51.66	129.15	29.584	7.922	7.104	1.129
160410A	682269	1.720	2.72	12.768	346.68	1.968	14.011	51.47	128.68	355.136	38.018	264.624	43.995
191011A	883832	1.722	2.722	372.32	13.76	55.136	1.552	51.43	128.58	193.312	13.36	17.648	0.426
100906A	433509	1.727	2.727	114.304	1.643	54.576	8.698	51.34	128.35	103.184	2.231	11.936	1.898
120119A	512035	1.728	2.728	76.144	12.945	18.32	0.723	51.32	128.30	252.816	41.751	24.752	1.874
90113	339852	1.749	2.7493	9.04	0.915	5.872	0.622	50.92	127.31	8.208	0.452	2.496	2.774
150314A	634795	1.758	2.758	14.79	2.681	5.344	0.151	50.76	126.90	10.8	0.349	4.336	0.187
110422A	451901	1.770	2.77	27.552	1.395	11.344	0.262	50.54	126.35	23.792	0.906	9.904	0.24
121027A	536831	1.773	2.773	68.432	9.656	32.192	7.014	50.49	126.22	61.184	9.355	17.424	14.39
120326A	518626	1.798	2.798	72.736	8.768	5.424	0.522	50.04	125.09	12.352	3.417	3.728	0.508
110801A	458521	1.858	2.858	390.512	9.271	331.728	7.321	48.99	122.46	527.44	45.396	218.144	69.01
190106A	945521	1.860	2.86	78.4	2.167	62.112	0.627	48.95	122.38	13.168	1.646	4.864	0.452
171020A	780845	1.870	2.87	26.496	2.718	14.704	2.894	48.78	121.95	16.512	2.588	8.08	1.924
60908	228581	1.884	2.8836	18.928	1.155	7.312	0.643	48.55	121.38	17.968	1.056	6.64	0.688
50315	111063	1.949	2.949	97.248	14.637	24.976	1.471	47.47	118.68	41.744	10.809	18	3.065
080319C	306778	1.950	2.95	32.88	9.962	7.712	0.492	47.46	118.64	11.424	0.985	6.752	0.374
201104B	1004168	1.954	2.954	10.448	2.883	5.552	0.417	47.39	118.48	8.56	0.23	5.104	0.486
160121A	671231	1.960	2.96	10.848	1.67	4.88	0.823	47.30	118.24	7.44	1.022	4	0.871
81008	331093	1.967	2.967	166.912	33.379	111.296	1.934	47.19	117.96	167.728	24.736	106.416	5.69
170113A	732526	1.968	2.968	20.592	4.477	10.608	0.649	47.17	117.92	18.608	4.749	10.368	2.902
180329B	819490	1.998	2.998	224.848	35.111	142.768	3.528	46.70	116.74	16.448	5.562	6.864	1.3
170705A	760064	2.010	3.01	224	15.031	107.04	70.704	46.51	116.28	210.048	30.829	26.624	97.312
161017A	718023	2.010	3.01	217.728	6.527	126.64	5.22	46.51	116.28	215.44	13.341	120.416	5.937
70611	282003	2.040	3.04	12.064	2.426	3.92	2.031	46.05	115.13	9.12	2.737	1.296	2.483
150403A	637044	2.060	3.06	48.832	24.849	9.024	0.474	45.75	114.38	28.256	2.846	7.232	0.419
80207	302728	2.086	3.0858	304.064	8.824	147.344	19.523	45.37	113.42	296.496	9.744	11.344	38.219
150206A	630019	2.087	3.087	92.72	27.123	18.288	0.656	45.35	113.38	78.128	15.265	17.856	0.444
061222A	252588	2.088	3.088	75.328	12.018	23.632	1.586	45.34	113.34	69.168	16.343	15.904	1.215
130610A	557845	2.092	3.092	193.44	90.359	18.672	7.715	45.28	113.20	38.544	10.64	11.36	1.481
110205A	444643	2.100	3.1	267.504	16.17	102.72	7.5	45.16	112.90	265.856	33.4	92.128	11.164
100728B	430172	2.106	3.106	11.92	2.637	4.464	1.234	45.07	112.69	10.624	2.709	4.384	1.336
070810A	287364	2.170	3.17	7.488	1.145	3.376	0.4	44.16	110.41	5.056	0.577	2.832	0.857
050922C	156467	2.198	3.198	4.544	0.442	1.408	0.09	43.78	109.44	3.472	0.821	1.328	0.124
121128A	539866	2.200	3.2	23.056	1.843	7.264	0.436	43.75	109.38	18.192	1.497	5.488	0.43
80804	319016	2.200	3.2	28.256	6.43	10.944	1.222	43.75	109.38	26.72	6.104	9.904	1.28
180325A	817564	2.250	3.25	90.8	3.385	4.976	1.159	43.07	107.69	455.968	62.01	124.672	42.425
60124	178750	2.297	3.297	13.632	1.312	7.456	2.368	42.46	106.16	8.64	1.169	5.728	1.504
121024A	536580	2.298	3.298	11.344	1.18	6.208	1.266	42.45	106.12	11.472	1.319	6.608	1.611
70506	278693	2.310	3.31	4.352	0.614	1.76	0.593	42.30	105.74	2.768	0.531	1.536	0.582
151021A	660671	2.330	3.33	114.56	4.125	36.736	1.245	42.04	105.11	104.672	7.647	32.832	1.545
70129	258408	2.338	3.3384	460.976	63.417	263.744	30.857	41.94	104.84	71.136	5.937	29.136	22.829
110128A	443861	2.339	3.339	16.592	3.048	8.24	2.33	41.93	104.82	45.408	14.395	21.248	13.229
051109A	163136	2.346	3.346	36.8	4.959	23.2	15.454	41.84	104.60	5.264	0.931	2.48	0.867
70110	255445	2.352	3.352	88.608	14.379	30.8	5.853	41.77	104.42	40.464	3.442	20.656	4.205
120815A	531003	2.358	3.358	6.944	1.022	3.472	0.861	41.69	104.23	2.72	0.758	1.44	0.967
170531B	755354	2.366	3.366	172.384	9.642	134.208	10.509	41.59	103.98	167.472	9.085	138.032	18.292
080905B	323898	2.374	3.374	94.704	9.295	75.648	6.082	41.49	103.73	85.6	3.644	70.272	7.92
160227A	676423	2.380	3.38	315.856	70.295	186.464	13.206	41.42	103.55	235.664	13.489	160.352	44.885
171222A	799669	2.409	3.409	174.112	22.922	99.808	19.292	41.06	102.67	167.232	32.646	95.344	42.602
51001	157870	2.430	3.4296	178.656	13.787	99.248	31.747	40.82	102.05	191.52	17.696	118.464	20.638
080413A	309096	2.430	3.43	46.352	0.465	15.344	0.749	40.82	102.04	45.104	1.117	14.624	0.315
80310	305288	2.430	3.43	320.56	16.622	244.912	13.281	40.82	102.04	28.208	6.805	8.736	11.693
70802	286809	2.450	3.45	13.984	2.625	8.912	2.558	40.58	101.45	8.992	2.053	5.728	2.636
90812	359711	2.452	3.452	78.144	12.498	24.864	1.296	40.56	101.39	58.736	3.411	21.312	1.234
71021	294974	2.452	3.452	236.48	66.921	60.976	37.908	40.56	101.39	62.752	21.261	23.936	22.685
100424A	420367	2.465	3.465	90.864	8.578	40.48	7.29	40.40	101.01	51.184	6.691	27.216	5.762
190719C	915381	2.469	3.469	186.208	9.309	99.456	6.052	40.36	100.89	177.856	6.448	94.272	23.013
180115A	805318	2.487	3.487	41.504	3.066	30.832	3.026	47.35	100.37	46.064	5.001	34.432	10.67
70529	280706	2.500	3.4996	109.28	19.698	55.776	8.415	40.00	100.01	76.832	31.453	52.688	10.854
050915A	155242	2.527	3.5273	53.424	10.044	17.488	4.585	39.69	99.23	27.232	12.728	14.096	5.21
130131B	547420	2.539	3.539	4.352	0.3	2.688	0.846	39.56	98.90	4.4	0.409	2.576	0.763
151215A	667392	2.590	3.59	3.072	0.443	1.968	0.323	39.00	97.49	1.2	0.229	0.56	0.359
90426	350479	2.609	3.609	1.264	0.273	0.448	0.182	38.79	96.98	0.56	0.137	0.24	0.124
050820A	151207	2.615	3.6147	241.36	12.277	220.56	3.117	38.73	96.83	237.52	4.766	209.248	192.092
70103	254532	2.621	3.6208	18.32	1.14	7.168	5.625	38.67	96.66	10.32	0.563	9.248	2.432
90529	353540	2.625	3.625	79.808	13.905	37.408	10.011	38.62	96.55	62.688	14.664	33.904	13.447
80210	302888	2.641	3.641	45.568	10.652	11.648	2.433	38.45	96.13	20.352	3.224	8.08	1.863
120811C	530689	2.671	3.671	24.224	3.175	7.008	0.489	38.14	95.34	23.04	4.555	6.672	0.659
080603B	313087	2.690	3.69	59.504	2.252	45.505	1.124	37.94	94.85	56.368	2.226	42.112	4.018
71031	295670	2.692	3.692	181.488	30.035	114.208	11.346	37.92	94.80	125.6	13.378	56.128	46.548
90726	358422	2.710	3.71	58.064	12.174	21.392	9.522	37.74	94.34	17.488	4.293	8.672	3.298
60714	219101	2.710	3.71	114.912	7.97	82.368	3.457	37.74	94.34	107.008	6.919	85.408	7.941
140206A	585834	2.730	3.73	96.096	18.87	11.264	19.12	37.53	93.83	83.072	9.18	10.192	25.536
90809	359530	2.737	3.737	6.08	1.312	2.56	1.005	37.46	93.66	6.832	1.651	3.104	1.369
91029	374210	2.752	3.752	34.048	1.688	13.072	1.069	37.31	93.28	35.296	2.65	15.12	2.852
81222	337914	2.770	3.77	24.992	2.563	5.28	0.2	37.14	92.84	17.44	2.853	4.688	0.264
120327A	518731	2.813	3.813	65.952	6.777	23.824	3.444	36.72	91.79	83.136	38.614	23.776	5.911
161014A	717500	2.823	3.823	25.52	3.939	12.592	3.887	36.62	91.55	17.984	1.808	8.192	3.969
110731A	458448	2.830	3.83	42.096	12.84	4.88	0.186	36.55	91.38	31.28	19.328	4.72	0.17
180624A	844192	2.855	3.855	465.216	36.332	325.552	9.305	36.32	90.79	461.728	59.093	322.544	18.492
120404A	519380	2.876	3.876	38.386	4.908	17.248	3.077	36.12	90.30	40.016	6.344	17.312	2.991
111107A	507185	2.893	3.893	31.072	7.974	11.056	2.946	35.96	89.90	31.584	11.236	9.184	5.284
50401	113120	2.900	3.9	33.12	1.037	25.792	0.588	35.90	89.74	32.032	0.77	25.232	0.497
201020A	1000926	2.903	3.903	14.17	11.936	3.714	4.864	35.87	89.67	7.216	0.893	3.264	0.708
181020A	867987	2.938	3.938	243.568	13.439	17.296	6.28	35.55	88.88	229.328	16.505	11.008	2.856
120118B	512003	2.943	3.943	22.672	2.233	9.152	1.164	35.51	88.76	23.808	4.329	9.04	2.33
141109A	618024	2.993	3.993	151.312	13.295	49.168	6.437	35.06	87.65	142.96	31.975	47.28	8.818
140114A	583861	3.000	4	143.376	12.658	53.664	3.288	35.00	87.50	103.328	14.59	37.888	7.521
090715B	357512	3.000	4	268.256	11.4	63.472	1.191	35.00	87.50	80.528	14.67	54.56	4.011
80607	313417	3.036	4.036	81.888	2.675	23.184	1.222	34.69	86.72	73.488	10.46	10.336	2.915
091109A	375246	3.076	4.076	21.92	3.808	10.048	3.603	34.35	85.87	17.184	3.321	8.272	3.113
060607A	213823	3.082	4.082	102.32	20.047	26.528	2.173	34.30	85.74	102.928	13.706	22.56	3.622
120922A	534394	3.100	4.1	175.808	30.454	94.608	4.037	34.15	85.37	160.464	38.491	99.152	12.865
120805A	530031	3.100	4.1	30.448	4.98	15.168	7.564	34.15	85.37	36.544	5.751	19.856	6.959
140703A	603243	3.140	4.14	79.008	8.665	34.96	7.704	33.82	84.54	76.144	11.648	29.904	9.801
111123A	508319	3.152	4.1516	219.776	15.045	81.776	5.775	33.72	84.30	176.416	16.873	80.688	10.225
80516	311762	3.200	4.2	6.608	0.753	5.28	0.329	33.33	83.33	7.28	2.727	5.424	1.028
60926	231231	3.208	4.208	9.328	1.416	3.696	1.272	33.27	83.17	21.776	3.695	7.776	6.447
60526	211957	3.210	4.21	298.08	22.499	248.368	8.458	33.25	83.14	259.392	5.641	251.056	325.339
50319	111622	3.240	4.24	153.072	11.31	124.304	4.228	33.02	82.55	139.184	6.598	122.784	41.306
140423A	596901	3.260	4.26	96.656	4.8	47.136	2.198	32.86	82.16	115.936	16.846	52	4.125
141026A	616502	3.350	4.35	148.16	14.323	83.856	11.565	32.18	80.46	154.704	19.59	88.384	34.148
80810	319584	3.350	4.35	105.664	3.074	38.976	2.557	32.18	80.46	92.88	12.074	35.28	3.155
50908	154112	3.350	4.35	19.9	3.5	6.7	2	32.18	80.46	6.032	0.883	3.088	0.727
061222B	252593	3.355	4.355	37.168	5.947	19.296	2.544	32.15	80.37	28.624	3.671	15.744	2.787
110818A	500914	3.360	4.36	101.664	20.021	37.792	6.206	32.11	80.28	55.904	6.68	23.456	3.397
190114A	930285	3.377	4.3765	70.416	5.15	30.992	1.143	31.99	79.97	70.08	7.642	31.488	1.681
121201A	540178	3.385	4.385	27.712	1.812	18.672	2.977	31.93	79.82	41.024	7.971	22.032	4.686
60707	217704	3.430	4.43	73.728	16.668	31.856	14.128	31.60	79.01	65.728	7.743	41.024	9.893
061110B	238174	3.440	4.44	25.504	1.778	12.48	1.584	31.53	78.83	18.128	1.344	10.704	1.742
151111A	663074	3.500	4.5	76.88	12.341	30.448	3.4	31.11	77.78	38.272	4.518	18.064	2.36
191004B	894718	3.503	4.503	18.816	7.008	5.712	0.279	31.09	77.73	15.616	13.01	5.232	0.357
170405A	745797	3.510	4.51	144.48	49.554	44.96	2.055	31.04	77.61	68.096	89.954	39.104	6.281
160203A	672525	3.520	4.52	19.92	3.116	9.408	3.083	30.97	77.43	14.672	3.941	7.424	2.75
60115	177408	3.530	4.53	144.496	15.553	92.592	2.848	30.91	77.26	173.568	30.4185	91.792	4.46
130514A	555821	3.600	4.6	215.488	17.628	104.56	2.813	30.43	76.09	174.784	19.402	97.344	5.01
070721B	285654	3.626	4.626	344.48	25.742	267.2	34.467	30.26	75.66	335.856	27.91	269.888	32.864
170202A	736407	3.650	4.65	48.416	11.521	14.864	1.262	30.1	75.27	43.312	15.926	14.48	2.135
60906	228316	3.685	4.685	49.568	4.431	18.768	2.763	29.88	74.71	46.944	13.83	16.672	3.488
60605	213630	3.780	4.78	15.392	1.664	7.6	1.233	29.29	73.22	15.984	3.32	6.704	2.02
120802A	529486	3.796	4.796	15.2	1.712	6.32	0.568	29.19	72.98	15.696	2.553	6.672	0.829
81029	332931	3.848	4.8479	102.176	11.817	55.968	12.126	28.88	72.20	218.656	45.863	99.024	47.465
90519	352648	3.870	4.87	77.184	14.151	25.456	14.063	28.75	71.87	83.632	15.633	23.808	16.195
100413A	419404	3.900	4.9	194.976	10.818	104.256	8.3	28.57	71.43	190.368	14.054	102.304	9.234
60210	180977	3.910	4.91	315.596	90.034	62	8.17	28.51	71.28	182.416	103.856	44.4	16.55
120909A	533060	3.930	4.93	105.504	7.571	45.088	2.249	28.40	70.99	61.456	61.113	28.176	6.739
140419A	596426	3.956	4.956	98.816	11.03	41.072	1.356	28.25	70.62	78.624	4.454	38.464	1.402
50730	148225	3.968	4.968	157.584	14.77	68.352	10.465	28.18	70.45	155.904	25.613	59.472	21.642
60206	180455	4.046	5.046	7.6	1.919	2.336	0.195	27.74	69.36	5.024	0.653	1.92	0.215
151027B	661869	4.063	5.063	23.424	4.197	11.472	2.494	27.65	69.13	18.256	4.521	10.8	3.158
151112A	663179	4.100	5.1	13.424	1.125	7.936	1.431	27.45	68.63	20.4	5.227	10.048	2.301
090516A	352190	4.109	5.109	194.192	49.188	75.648	7.839	27.40	68.51	54.224	135.596	41.2	28.492
120712A	526351	4.150	5.15	16	2.651	6.96	0.492	27.18	67.96	17.424	3.239	7.024	0.69
131117A	577968	4.180	5.18	6.032	0.644	3.808	0.713	27.03	67.57	5.792	0.679	3.6	0.734
140614A	601646	4.233	5.233	68.64	9.568	32.544	9.56	26.75	66.88	164.752	57.526	54.592	43.213
50505	117504	4.270	5.27	59.53	7.108	26.992	6.363	26.57	66.41	59.928	7.541	25.408	7.939
060223A	192059	4.410	5.41	11.312	1.087	5.152	0.653	25.88	64.70	10.752	1.472	4.768	0.715
100902A	433160	4.500	5.5	257.584	18.765	66.432	8.541	25.45	63.64	85.136	8.32	58.896	6.226
90205	342121	4.670	5.67	10.768	1.848	5.04	1.553	24.69	61.73	8.848	1.848	4.256	1.421
100219A	412982	4.700	5.7	23.008	3.529	11.52	4.613	24.56	61.40	26.4	5.314	14.16	5.272
140518A	599287	4.707	5.707	60.624	2.409	48.24	3.093	24.53	61.33	60.992	2.595	49.312	2.671
060510B	209352	4.900	5.9	275.984	20.717	133.28	14.292	23.73	59.32	262.096	12.277	119.104	18.044
111008A	505054	4.990	5.9898	65.52	2.73	30.432	1.666	23.37	58.43	62.864	14.042	28.528	2.202
160327A	680655	4.990	5.99	34.64	8.411	9.952	1.282	23.37	58.43	31.712	8.388	8.624	1.773
60522	211117	5.110	6.11	71.12	5.774	42.4	9.166	22.91	57.28	71.44	5.921	34.464	10.305
140304A	590206	5.283	6.283	15.424	1.793	9.232	0.502	22.28	55.71	15.632	2.044	9.264	0.851
131227A	582184	5.300	6.3	17.744	1.323	10.304	1.681	22.22	55.56	18.096	1.625	10.224	1.625
50814	150314	5.300	6.3	94.208	14.575	42.256	7.78	22.22	55.56	127.936	40.738	50.544	14.466
60927	231362	5.600	6.6	22.528	1.277	15.792	5.217	21.21	53.03	21.248	1.395	16.32	5.891
130606A	557589	5.913	6.913	163.088	2.983	71.696	5.921	20.25	50.63	163.344	2.805	77.296	64.377
50904	153514	6.200	7.2	179.5	10.3	85.4	7.6	19.44	48.61	187.744	14.269	87.216	8.845
140515A	599037	6.320	7.32	23.456	2.048	9.776	5.341	19.13	47.81	23.136	1.958	10.048	5.955
90423	350184	8.050	9.05	10.624	1.008	4.864	0.544	15.47	38.67	12.96	2.808	5.296	0.581
